0 1 0
0 2 0
0 3 0
0 4 0
0 5 0
0 6 0
0 7 0
0 8 0
1 9 0
1 10 0
1 2 0
1 3 0
1 0 0
1 7 0
1 8 0
1 24 0
2 10 0
2 11 0
2 12 0
2 13 0
2 3 0
2 0 0
2 1 0
2 9 0
3 2 0
3 12 0
3 13 0
3 14 0
3 4 0
3 5 0
3 0 0
3 1 0
4 3 0
4 13 0
4 14 0
4 15 0
4 16 0
4 17 0
4 5 0
4 0 0
5 0 0
5 3 0
5 4 0
5 16 0
5 17 0
5 18 0
5 6 0
5 7 0
6 7 0
6 0 0
6 5 0
6 17 0
6 18 0
6 19 0
6 20 0
6 21 0
6 7 0
7 8 0
7 1 0
7 0 0
7 5 0
7 6 0
7 20 0
7 21 0
7 22 0
8 24 0
8 1 0
8 0 0
8 7 0
8 21 0
8 22 0
8 23 0
9 10 0
9 2 0
9 1 0
9 8 0
9 24 0
10 11 0
10 12 0
10 2 0
10 1 0
10 9 0
11 10 0
11 2 0
11 12 0
12 11 0
12 13 0
12 3 0
12 2 0
12 10 0
13 12 0
13 14 0
13 4 0
13 3 0
13 2 0
14 13 0
14 15 0
14 16 0
14 4 0
14 3 0
15 14 0
15 4 0
15 16 0
16 4 0
16 14 0
16 15 0
16 17 0
16 5 0
17 5 0
17 4 0
17 16 0
17 18 0
17 6 0
18 6 0 
18 5 0
18 17 0
18 19 0
18 20 0
19 20 0
19 6 0
19 18 0
20 21 0
20 7 0
20 6 0
20 18 0
20 19 0
21 22 0
21 8 0
21 7 0
21 6 0
21 20 0
22 23 0
22 24 0
22 8 0
22 7 0
22 21 0
23 24 0
23 8 0
23 22 0
24 9 0
24 1 0
24 8 0
24 22 0
24 23 0